Serial	Date	Open	High	Low	Close	Volume	Adj Close	code	name	market
0	2014-04-29	21.6	22.17	21.44	22.1	3474400	22.1	300077	国民技术	SZ
1	2014-04-28	23.97	23.97	21.83	21.83	8706400	21.83	300077	国民技术	SZ
2	2014-04-25	25	25.35	24	24.25	3254300	24.25	300077	国民技术	SZ
3	2014-04-24	24.03	25.16	24.03	24.86	3367700	24.86	300077	国民技术	SZ
4	2014-04-23	24	24.39	23.89	24.2	2049400	24.2	300077	国民技术	SZ
5	2014-04-22	24.43	25.02	23.5	24.05	4759000	24.05	300077	国民技术	SZ
6	2014-04-21	25.33	25.88	24.43	24.48	3619300	24.48	300077	国民技术	SZ
7	2014-04-18	24.68	25.79	24.68	25.5	4390700	25.5	300077	国民技术	SZ
8	2014-04-17	24.67	25.43	24.43	24.91	3327300	24.91	300077	国民技术	SZ
9	2014-04-16	24.75	25.2	24.32	24.44	3232400	24.44	300077	国民技术	SZ
10	2014-04-15	25	25.68	24.7	24.78	4352600	24.78	300077	国民技术	SZ
11	2014-04-14	23.82	25.2	23.8	24.96	5566500	24.96	300077	国民技术	SZ
12	2014-04-11	24.12	24.2	23.71	23.95	3354400	23.95	300077	国民技术	SZ
13	2014-04-10	24.72	24.93	24.08	24.14	5831000	24.14	300077	国民技术	SZ
14	2014-04-09	23.9	24.81	23.69	24.61	6183900	24.61	300077	国民技术	SZ
15	2014-04-08	23.69	24.38	23.68	24.1	4780000	24.1	300077	国民技术	SZ
17	2014-04-04	23.15	24.29	22.87	24.01	7281200	24.01	300077	国民技术	SZ
18	2014-04-03	22.63	23.77	22.52	23.13	5982900	23.13	300077	国民技术	SZ
19	2014-04-02	23	23.12	22.37	22.63	5148800	22.63	300077	国民技术	SZ
20	2014-04-01	23.45	23.6	22.8	23.03	8267300	23.03	300077	国民技术	SZ
21	2014-03-31	23.45	23.79	22.75	23.38	5485500	23.38	300077	国民技术	SZ
22	2014-03-28	23.4	23.74	22.35	23.45	6645500	23.45	300077	国民技术	SZ
23	2014-03-27	24.35	24.45	23.28	23.29	7393100	23.29	300077	国民技术	SZ
24	2014-03-26	25.23	25.96	24.7	24.7	4353900	24.7	300077	国民技术	SZ
25	2014-03-25	25.12	25.79	24.7	25.44	4987800	25.44	300077	国民技术	SZ
26	2014-03-24	24.5	25.34	24.41	24.9	3099200	24.9	300077	国民技术	SZ
27	2014-03-21	24	25.2	23.8	24.65	5984800	24.65	300077	国民技术	SZ
28	2014-03-20	25.56	25.75	24.57	24.57	5325200	24.57	300077	国民技术	SZ
29	2014-03-19	26.7	26.75	25.02	25.56	6950800	25.56	300077	国民技术	SZ
30	2014-03-18	27.31	27.52	26.66	26.9	7942700	26.9	300077	国民技术	SZ
31	2014-03-17	26.81	27.55	26.6	27.44	4822300	27.44	300077	国民技术	SZ
32	2014-03-14	25.86	27.08	25.83	26.94	5639500	26.94	300077	国民技术	SZ
33	2014-03-13	25.7	26.54	25.7	26.12	4326000	26.12	300077	国民技术	SZ
34	2014-03-12	25.22	26.1	25	25.58	4428400	25.58	300077	国民技术	SZ
35	2014-03-11	24.92	25.89	24.7	25.58	4590100	25.58	300077	国民技术	SZ
36	2014-03-10	27.35	27.35	24.8	25.05	10174000	25.05	300077	国民技术	SZ
37	2014-03-07	27.95	28.69	27.09	27.4	7115100	27.4	300077	国民技术	SZ
38	2014-03-06	28	28.22	27.3	27.94	6462000	27.94	300077	国民技术	SZ
39	2014-03-05	27.29	28.32	26.6	28.29	11309600	28.29	300077	国民技术	SZ
40	2014-03-04	28.9	28.9	26.9	27.18	10632100	27.18	300077	国民技术	SZ
41	2014-03-03	28.03	29.46	27.94	28.99	6354900	28.99	300077	国民技术	SZ
42	2014-02-28	29.25	29.9	27.77	28.4	7454900	28.4	300077	国民技术	SZ
43	2014-02-27	30.65	31.28	27.58	28	10078200	28	300077	国民技术	SZ
44	2014-02-26	30.5	30.65	28.75	30.39	12932000	30.39	300077	国民技术	SZ
45	2014-02-25	35.12	35.88	31.86	31.86	14049100	31.86	300077	国民技术	SZ
46	2014-02-24	33.7	35.45	33.5	35.4	10345900	35.4	300077	国民技术	SZ
47	2014-02-21	33.99	34.26	32.8	33.84	9884200	33.84	300077	国民技术	SZ
48	2014-02-20	36	36	33.6	34.3	13021000	34.3	300077	国民技术	SZ
49	2014-02-19	31.38	34.62	31	34.62	17052500	34.62	300077	国民技术	SZ
50	2014-02-18	30.12	32.12	29.57	31.47	9659900	31.47	300077	国民技术	SZ
51	2014-02-17	28.61	30.18	28.39	30.1	6375200	30.1	300077	国民技术	SZ
52	2014-02-14	28.4	28.85	27.5	28.42	5630700	28.42	300077	国民技术	SZ
53	2014-02-13	30	30.6	28	28.4	7300200	28.4	300077	国民技术	SZ
54	2014-02-12	29.28	30.3	29.11	30.1	6554500	30.1	300077	国民技术	SZ
55	2014-02-11	29.98	30.69	28.98	29.31	8330300	29.31	300077	国民技术	SZ
56	2014-02-10	29.82	30.59	29.2	30.33	10736100	30.33	300077	国民技术	SZ
57	2014-02-07	27.82	30.25	27.62	29.8	10939400	29.8	300077	国民技术	SZ
62	2014-01-30	26.6	27.78	26.31	27.6	5716700	27.6	300077	国民技术	SZ
63	2014-01-29	26.51	27.03	26.08	26.75	4142500	26.75	300077	国民技术	SZ
64	2014-01-28	26.68	27.13	25.68	26.21	5299600	26.21	300077	国民技术	SZ
65	2014-01-27	26.3	27.73	26.3	26.79	10185000	26.79	300077	国民技术	SZ
66	2014-01-24	25.71	26.38	25.62	26.05	5856500	26.05	300077	国民技术	SZ
67	2014-01-23	25.58	26.45	25.3	25.84	8586600	25.84	300077	国民技术	SZ
68	2014-01-22	24.2	25.8	24.2	25.66	8934200	25.66	300077	国民技术	SZ
69	2014-01-21	23.8	24.71	23.71	24.57	3750200	24.57	300077	国民技术	SZ
70	2014-01-20	23.26	24.77	23.25	23.88	6538400	23.88	300077	国民技术	SZ
71	2014-01-17	24.16	25.28	23.83	24.46	6447400	24.46	300077	国民技术	SZ
72	2014-01-16	24.99	25.48	24	24.16	5911000	24.16	300077	国民技术	SZ
73	2014-01-15	24.8	25.6	24.6	24.96	5352500	24.96	300077	国民技术	SZ
74	2014-01-14	23.49	24.7	23.38	24.7	5081500	24.7	300077	国民技术	SZ
75	2014-01-13	24	24	22.95	23.5	5343500	23.5	300077	国民技术	SZ
76	2014-01-10	23.65	24.45	23.5	23.98	4532900	23.98	300077	国民技术	SZ
77	2014-01-09	25.15	25.45	23.8	23.87	7047900	23.87	300077	国民技术	SZ
78	2014-01-08	24.06	25.26	24.06	25.14	7033800	25.14	300077	国民技术	SZ
79	2014-01-07	23.8	24.63	23.55	24.16	4704800	24.16	300077	国民技术	SZ
80	2014-01-06	24.71	24.78	23.8	23.9	5674300	23.9	300077	国民技术	SZ
81	2014-01-03	25.5	25.55	24.52	24.9	8484000	24.9	300077	国民技术	SZ
82	2014-01-02	24.77	25.85	24.71	25.61	7076800	25.61	300077	国民技术	SZ
84	2013-12-31	25.11	25.48	24.48	24.9	6948900	24.9	300077	国民技术	SZ
85	2013-12-30	26.19	26.74	25.13	25.21	10971100	25.21	300077	国民技术	SZ
86	2013-12-27	26.05	27.2	25.8	26.1	11013200	26.1	300077	国民技术	SZ
87	2013-12-26	26.09	27.76	25.71	26.42	16285300	26.42	300077	国民技术	SZ
88	2013-12-25	25.55	26.55	25.1	26.01	14273200	26.01	300077	国民技术	SZ
89	2013-12-24	24.15	26.52	23.81	25.62	19086800	25.62	300077	国民技术	SZ
90	2013-12-23	23.08	24.11	22.95	24.11	8635100	24.11	300077	国民技术	SZ
91	2013-12-20	23.46	24.68	23.3	23.44	11396900	23.44	300077	国民技术	SZ
92	2013-12-19	22.95	24.3	22.75	23.5	10023400	23.5	300077	国民技术	SZ
93	2013-12-18	23.44	23.58	22.3	22.88	7643900	22.88	300077	国民技术	SZ
94	2013-12-17	23.3	24.2	22.89	23.37	9455100	23.37	300077	国民技术	SZ
95	2013-12-16	22.4	24.8	22.36	23.7	18921000	23.7	300077	国民技术	SZ
96	2013-12-13	23.49	23.88	22.8	22.8	19670200	22.8	300077	国民技术	SZ
97	2013-12-12	20.61	23.85	20.58	23.83	33680500	23.83	300077	国民技术	SZ
154	2013-09-24	20.5	21.68	20	21.68	21340600	21.68	300077	国民技术	SZ
155	2013-09-23	19.48	19.89	19.11	19.71	10786600	19.71	300077	国民技术	SZ
157	2013-09-18	18.25	19.22	18.25	19.19	9439400	19.19	300077	国民技术	SZ
158	2013-09-17	18.55	18.68	18.2	18.24	4638700	18.24	300077	国民技术	SZ
159	2013-09-16	18.15	18.8	18.12	18.46	6152600	18.46	300077	国民技术	SZ
160	2013-09-13	17.79	18.25	17.52	18.08	4949000	18.08	300077	国民技术	SZ
161	2013-09-12	18.07	18.4	17.65	17.89	5472400	17.89	300077	国民技术	SZ
162	2013-09-11	19	19.09	17.92	18.1	8872800	18.1	300077	国民技术	SZ
163	2013-09-10	18.5	19.15	18.35	19.07	7413400	19.07	300077	国民技术	SZ
164	2013-09-09	19.05	19.17	18.28	18.52	7189000	18.52	300077	国民技术	SZ
165	2013-09-06	18.88	19.15	18.46	18.94	8075200	18.94	300077	国民技术	SZ
166	2013-09-05	18.48	18.96	18.25	18.76	5977700	18.76	300077	国民技术	SZ
167	2013-09-04	18.38	18.75	18.3	18.48	4811000	18.48	300077	国民技术	SZ
168	2013-09-03	18.4	18.6	18	18.52	5536400	18.52	300077	国民技术	SZ
169	2013-09-02	18.08	18.42	17.9	18.3	4149600	18.3	300077	国民技术	SZ
170	2013-08-30	19.4	19.52	17.89	17.97	9878800	17.97	300077	国民技术	SZ
171	2013-08-29	19.01	19.7	18.91	19.53	7367900	19.53	300077	国民技术	SZ
172	2013-08-28	19.95	20.15	19.22	19.24	10002500	19.24	300077	国民技术	SZ
173	2013-08-27	20.21	20.39	19.81	20.3	9745900	20.3	300077	国民技术	SZ
174	2013-08-26	19.35	20.73	19.25	20.44	15788400	20.44	300077	国民技术	SZ
175	2013-08-23	19.75	20.06	18.78	19.27	12547300	19.27	300077	国民技术	SZ
176	2013-08-22	19.5	20.48	19.37	19.67	13710600	19.67	300077	国民技术	SZ
177	2013-08-21	19.47	20.1	19.18	19.6	10715200	19.6	300077	国民技术	SZ
178	2013-08-20	19.55	19.78	19.13	19.64	12566200	19.64	300077	国民技术	SZ
179	2013-08-19	18.44	19.55	18.3	19.48	16116100	19.48	300077	国民技术	SZ
180	2013-08-16	17.98	18.75	17.75	18.37	11984500	18.37	300077	国民技术	SZ
181	2013-08-15	18.45	18.79	18.18	18.19	11252700	18.19	300077	国民技术	SZ
182	2013-08-14	17.88	18.3	17.45	18.08	8752000	18.08	300077	国民技术	SZ
183	2013-08-13	17.54	17.95	17.46	17.88	5859400	17.88	300077	国民技术	SZ
184	2013-08-12	17.63	17.89	17.15	17.57	7789400	17.57	300077	国民技术	SZ
185	2013-08-09	18.5	18.64	17.39	17.78	11548800	17.78	300077	国民技术	SZ
186	2013-08-08	18.03	18.46	17.89	18.38	6264900	18.38	300077	国民技术	SZ
187	2013-08-07	19.09	19.3	18.04	18.1	10369700	18.1	300077	国民技术	SZ
188	2013-08-06	19.05	19.78	18.89	19.22	9609400	19.22	300077	国民技术	SZ
189	2013-08-05	18.5	19.24	18.4	19.04	7126600	19.04	300077	国民技术	SZ
190	2013-08-02	18.78	19.29	18.6	18.61	9899300	18.61	300077	国民技术	SZ
191	2013-08-01	17.95	18.86	17.8	18.78	9412600	18.78	300077	国民技术	SZ
192	2013-07-31	17.89	18.31	17.77	17.93	7076700	17.93	300077	国民技术	SZ
193	2013-07-30	18.4	18.65	17.32	17.79	9317500	17.79	300077	国民技术	SZ
194	2013-07-29	18.46	19.3	18.24	18.4	10017300	18.4	300077	国民技术	SZ
195	2013-07-26	18.6	19.42	18.08	18.8	11810100	18.8	300077	国民技术	SZ
196	2013-07-25	20.07	20.09	18.56	18.61	15890600	18.61	300077	国民技术	SZ
197	2013-07-24	19.9	20.93	19.79	20.14	15592700	20.14	300077	国民技术	SZ
198	2013-07-23	20	20.48	19.46	20.15	18104700	20.15	300077	国民技术	SZ
199	2013-07-22	17.5	19.58	17.4	19.58	17338200	19.58	300077	国民技术	SZ
200	2013-07-19	18.6	19.4	17.8	17.8	14357700	17.8	300077	国民技术	SZ
201	2013-07-18	18.03	19.55	18.02	18.87	19818400	18.87	300077	国民技术	SZ
202	2013-07-17	17.18	18.92	17.02	18.22	22525700	18.22	300077	国民技术	SZ
203	2013-07-16	17.55	17.95	16.8	17.2	10055500	17.2	300077	国民技术	SZ
204	2013-07-15	17.25	17.48	16.94	17.45	9540100	17.45	300077	国民技术	SZ
205	2013-07-12	16.65	17.34	16.58	16.82	9070700	16.82	300077	国民技术	SZ
206	2013-07-11	16.63	16.96	16.18	16.71	6512100	16.71	300077	国民技术	SZ
207	2013-07-10	15.8	16.49	15.67	16.42	6992000	16.42	300077	国民技术	SZ
208	2013-07-09	15.15	15.68	15.11	15.67	4030900	15.67	300077	国民技术	SZ
209	2013-07-08	15.66	15.92	14.77	15.27	6808000	15.27	300077	国民技术	SZ
210	2013-07-05	16.87	17.67	16.3	16.3	12143000	16.3	300077	国民技术	SZ
211	2013-07-04	16.56	17.58	16.55	17	11758400	17	300077	国民技术	SZ
212	2013-07-03	16.23	16.68	15.81	16.62	6097900	16.62	300077	国民技术	SZ
213	2013-07-02	15.79	16.61	15.71	16.38	5521400	16.38	300077	国民技术	SZ
214	2013-07-01	15.26	15.94	15.25	15.91	3842000	15.91	300077	国民技术	SZ
215	2013-06-28	15.51	15.92	15.09	15.34	3479900	15.34	300077	国民技术	SZ
216	2013-06-27	16.25	16.75	15.58	15.7	7292800	15.7	300077	国民技术	SZ
217	2013-06-26	15	16.26	14.88	16.19	10062800	16.19	300077	国民技术	SZ
218	2013-06-25	14.68	15.3	13.5	15.2	6881600	15.2	300077	国民技术	SZ
219	2013-06-24	15.94	16.08	14.48	14.9	7640200	14.9	300077	国民技术	SZ
220	2013-06-21	15.79	15.83	15	15.79	5777400	15.79	300077	国民技术	SZ
221	2013-06-20	16.9	17.44	16.09	16.1	6934500	16.1	300077	国民技术	SZ
222	2013-06-19	17.35	17.35	16.86	17.11	7196500	17.11	300077	国民技术	SZ
223	2013-06-18	18.13	18.15	17.03	17.6	11805100	17.6	300077	国民技术	SZ
224	2013-06-17	18.78	18.86	18.17	18.3	12960400	18.3	300077	国民技术	SZ
225	2013-06-14	18.35	18.97	18.09	18.78	15536900	18.78	300077	国民技术	SZ
226	2013-06-13	17.8	18.8	17.3	18.54	18303800	18.54	300077	国民技术	SZ
230	2013-06-07	17.19	18.3	17.1	17.93	11373500	17.93	300077	国民技术	SZ
231	2013-06-06	16.74	17.35	16.61	16.96	3788800	16.96	300077	国民技术	SZ
232	2013-06-05	16.91	17.1	16.72	16.91	2407100	16.82	300077	国民技术	SZ
233	2013-06-04	17.7	17.7	16.9	16.9	4650600	16.81	300077	国民技术	SZ
234	2013-06-03	17.38	17.92	17.33	17.61	7239700	17.52	300077	国民技术	SZ
235	2013-05-31	17.38	17.98	17	17.51	7232300	17.42	300077	国民技术	SZ
236	2013-05-30	16.96	17.48	16.75	17.29	5648500	17.2	300077	国民技术	SZ
237	2013-05-29	16.93	17.15	16.71	17.12	3402200	17.03	300077	国民技术	SZ
238	2013-05-28	17.43	17.59	16.76	16.93	5627300	16.84	300077	国民技术	SZ
239	2013-05-27	17.18	17.84	17.05	17.43	6899500	17.34	300077	国民技术	SZ
240	2013-05-24	16.78	17.28	16.7	17.18	7385600	17.09	300077	国民技术	SZ
241	2013-05-23	16.82	17.22	16.65	16.76	5253400	16.67	300077	国民技术	SZ
242	2013-05-22	18.29	18.29	16.46	16.83	12222500	16.74	300077	国民技术	SZ
243	2013-05-21	17.63	18.3	17.3	18.28	10366700	18.18	300077	国民技术	SZ
244	2013-05-20	17.33	17.95	17.15	17.63	8619600	17.54	300077	国民技术	SZ
245	2013-05-17	17.1	17.43	16.87	17.29	3715700	17.2	300077	国民技术	SZ
246	2013-05-16	17.7	17.7	17.03	17.19	6189400	17.1	300077	国民技术	SZ
247	2013-05-15	17.02	17.98	17.02	17.78	7561800	17.69	300077	国民技术	SZ
248	2013-05-14	17.63	17.63	16.88	17.06	8357300	16.97	300077	国民技术	SZ
249	2013-05-13	18.37	18.37	17.36	17.76	9190900	17.67	300077	国民技术	SZ
250	2013-05-10	17.79	18.6	17.31	18.11	13996800	18.01	300077	国民技术	SZ
251	2013-05-09	17.02	18.4	17.01	17.54	14272100	17.45	300077	国民技术	SZ
252	2013-05-08	16.38	17.76	15.98	17.4	16238000	17.31	300077	国民技术	SZ
253	2013-05-07	17	17	16.03	16.23	13443600	16.14	300077	国民技术	SZ
254	2013-05-06	15.4	15.97	15.4	15.97	4539400	15.89	300077	国民技术	SZ
255	2013-05-03	13.77	14.64	13.71	14.52	3591700	14.44	300077	国民技术	SZ
256	2013-05-02	13.41	13.71	13.31	13.68	1121700	13.61	300077	国民技术	SZ
260	2013-04-26	13.7	13.84	13.5	13.51	1654000	13.44	300077	国民技术	SZ
261	2013-04-25	14.24	14.27	13.71	13.75	2628100	13.68	300077	国民技术	SZ
262	2013-04-24	14	14.4	13.99	14.24	2480000	14.16	300077	国民技术	SZ
263	2013-04-23	14.8	14.8	13.96	14	3036300	13.93	300077	国民技术	SZ
264	2013-04-22	14.65	14.9	14.56	14.8	2619400	14.72	300077	国民技术	SZ
265	2013-04-19	14.61	14.95	14.53	14.8	4678900	14.72	300077	国民技术	SZ
266	2013-04-18	14.02	14.81	14	14.8	5083500	14.72	300077	国民技术	SZ
267	2013-04-17	13.7	14.61	13.7	14.25	4565000	14.17	300077	国民技术	SZ
268	2013-04-16	13.35	13.65	13.2	13.62	1253400	13.55	300077	国民技术	SZ
269	2013-04-15	13.52	13.62	13.4	13.45	1270800	13.38	300077	国民技术	SZ
270	2013-04-12	13.61	13.8	13.41	13.45	1140100	13.38	300077	国民技术	SZ
271	2013-04-11	13.95	13.95	13.56	13.58	1704300	13.51	300077	国民技术	SZ
272	2013-04-10	14.03	14.03	13.63	13.81	1467000	13.74	300077	国民技术	SZ
273	2013-04-09	13.8	14.09	13.8	14.05	1961400	13.98	300077	国民技术	SZ
274	2013-04-08	13.5	13.79	13.3	13.79	2119600	13.72	300077	国民技术	SZ
277	2013-04-03	13.88	14.12	13.7	13.79	2794300	13.72	300077	国民技术	SZ
278	2013-04-02	15	15	13.98	13.98	8799700	13.91	300077	国民技术	SZ
279	2013-04-01	15.55	15.68	15.38	15.53	1521900	15.45	300077	国民技术	SZ
280	2013-03-29	15.5	15.68	15.4	15.55	1693300	15.47	300077	国民技术	SZ
281	2013-03-28	16.17	16.17	15.41	15.5	3037800	15.42	300077	国民技术	SZ
282	2013-03-27	16.32	16.55	16.18	16.32	2183800	16.23	300077	国民技术	SZ
283	2013-03-26	16.67	16.67	16.05	16.3	3537500	16.21	300077	国民技术	SZ
284	2013-03-25	16.18	16.89	15.89	16.69	4897100	16.6	300077	国民技术	SZ
285	2013-03-22	16.31	16.45	16.04	16.19	2123300	16.1	300077	国民技术	SZ
286	2013-03-21	16.02	16.43	15.97	16.31	3571500	16.22	300077	国民技术	SZ
287	2013-03-20	15.86	16.16	15.65	16.11	3220800	16.02	300077	国民技术	SZ
288	2013-03-19	15.37	15.88	15.32	15.78	3252900	15.7	300077	国民技术	SZ
289	2013-03-18	15.5	15.7	15.27	15.28	1778000	15.2	300077	国民技术	SZ
290	2013-03-15	15.59	15.86	15.24	15.57	2889100	15.49	300077	国民技术	SZ
291	2013-03-14	15.78	15.86	15.51	15.57	2167300	15.49	300077	国民技术	SZ
292	2013-03-13	15.75	15.92	15.34	15.84	2597600	15.76	300077	国民技术	SZ
293	2013-03-12	16.42	16.49	15.49	15.69	3701200	15.61	300077	国民技术	SZ
294	2013-03-11	16.56	16.6	16.21	16.38	2033800	16.29	300077	国民技术	SZ
295	2013-03-08	16.88	16.88	16.37	16.46	3857500	16.37	300077	国民技术	SZ
296	2013-03-07	17.35	17.7	16.51	16.88	6132100	16.79	300077	国民技术	SZ
297	2013-03-06	16.82	17.45	16.76	17.15	5563000	17.06	300077	国民技术	SZ
298	2013-03-05	16.48	16.95	16.3	16.82	4798800	16.73	300077	国民技术	SZ
299	2013-03-04	16.97	17.13	16.25	16.48	6490600	16.39	300077	国民技术	SZ
300	2013-03-01	17.06	17.37	16.82	17.25	6874500	17.16	300077	国民技术	SZ
301	2013-02-28	16.6	17.09	16.51	17.05	8591000	16.96	300077	国民技术	SZ
302	2013-02-27	16.09	17.6	15.88	17.02	14160600	16.93	300077	国民技术	SZ
303	2013-02-26	16.41	16.97	15.9	16.02	11400500	15.93	300077	国民技术	SZ
304	2013-02-25	15.42	15.54	15.25	15.47	2967600	15.39	300077	国民技术	SZ
305	2013-02-22	15.54	15.66	15.36	15.42	2648000	15.34	300077	国民技术	SZ
306	2013-02-21	15.71	15.97	15.47	15.51	4489200	15.43	300077	国民技术	SZ
307	2013-02-20	15.34	15.82	15.27	15.82	3800600	15.74	300077	国民技术	SZ
308	2013-02-19	15.6	15.83	15.22	15.28	3592100	15.2	300077	国民技术	SZ
309	2013-02-18	15.66	15.96	15.45	15.62	3867300	15.54	300077	国民技术	SZ
315	2013-02-08	15.57	15.68	15.47	15.6	3702200	15.52	300077	国民技术	SZ
316	2013-02-07	15	15.51	14.9	15.46	4495000	15.38	300077	国民技术	SZ
317	2013-02-06	14.73	15.06	14.69	14.96	2803500	14.88	300077	国民技术	SZ
318	2013-02-05	14.58	14.76	14.4	14.67	2371000	14.59	300077	国民技术	SZ
319	2013-02-04	15.12	15.28	14.51	14.55	3983400	14.47	300077	国民技术	SZ
320	2013-02-01	15.01	15.26	14.97	15.12	2006600	15.04	300077	国民技术	SZ
321	2013-01-31	15.12	15.29	14.95	14.99	3486000	14.91	300077	国民技术	SZ
322	2013-01-30	15.15	15.15	14.83	15	2941700	14.92	300077	国民技术	SZ
323	2013-01-29	14.9	15.21	14.9	15.1	3341700	15.02	300077	国民技术	SZ
324	2013-01-28	14.61	14.9	14.56	14.9	2771200	14.82	300077	国民技术	SZ
325	2013-01-25	14.7	14.81	14.52	14.54	2291200	14.46	300077	国民技术	SZ
326	2013-01-24	15.31	15.45	14.6	14.74	4821300	14.66	300077	国民技术	SZ
327	2013-01-23	15.25	15.33	14.9	15.31	4215700	15.23	300077	国民技术	SZ
328	2013-01-22	15.55	15.77	15.12	15.24	3454200	15.16	300077	国民技术	SZ
329	2013-01-21	15.66	15.85	15.37	15.66	4122500	15.58	300077	国民技术	SZ
330	2013-01-18	15.75	15.9	15.24	15.66	6226000	15.58	300077	国民技术	SZ
331	2013-01-17	16.25	16.45	15.45	15.55	5366300	15.47	300077	国民技术	SZ
332	2013-01-16	15.99	16.97	15.98	16.3	8320800	16.21	300077	国民技术	SZ
333	2013-01-15	15.83	16.14	15.65	15.82	6458400	15.74	300077	国民技术	SZ
334	2013-01-14	15.3	15.89	15.18	15.82	7423000	15.74	300077	国民技术	SZ
335	2013-01-11	14.88	16.05	14.86	15.4	11205100	15.32	300077	国民技术	SZ
336	2013-01-10	14.65	15.16	14.65	14.93	5190700	14.85	300077	国民技术	SZ
337	2013-01-09	14.7	14.95	14.43	14.63	5088000	14.55	300077	国民技术	SZ
338	2013-01-08	14.41	14.93	14.37	14.8	5764700	14.72	300077	国民技术	SZ
339	2013-01-07	14.19	14.45	14.03	14.41	2973000	14.33	300077	国民技术	SZ
340	2013-01-04	14.47	14.5	13.98	14.14	3296200	14.06	300077	国民技术	SZ
344	2012-12-31	14.24	14.56	14.24	14.37	2768900	14.29	300077	国民技术	SZ
345	2012-12-28	14.22	14.39	14.05	14.3	3421700	14.22	300077	国民技术	SZ
346	2012-12-27	14.8	14.84	14.2	14.22	5227300	14.14	300077	国民技术	SZ
347	2012-12-26	14.51	14.83	14.42	14.78	4185000	14.7	300077	国民技术	SZ
348	2012-12-25	14.22	14.6	14.18	14.55	4600100	14.47	300077	国民技术	SZ
349	2012-12-24	14.01	14.3	13.92	14.22	3686800	14.14	300077	国民技术	SZ
350	2012-12-21	14.09	14.15	13.84	14.08	3918400	14.01	300077	国民技术	SZ
351	2012-12-20	13.8	14.27	13.71	13.94	3489800	13.87	300077	国民技术	SZ
352	2012-12-19	13.9	14.08	13.8	13.81	3012300	13.74	300077	国民技术	SZ
353	2012-12-18	14.05	14.24	13.8	13.96	3887100	13.89	300077	国民技术	SZ
354	2012-12-17	14.08	14.2	13.71	14.09	4024100	14.02	300077	国民技术	SZ
355	2012-12-14	13.42	14.18	13.37	14.05	5030600	13.98	300077	国民技术	SZ
356	2012-12-13	13.3	14.48	13.26	13.62	4702500	13.55	300077	国民技术	SZ
357	2012-12-12	13.32	13.67	13.24	13.42	2113800	13.35	300077	国民技术	SZ
358	2012-12-11	13.49	13.58	13.31	13.32	3054300	13.25	300077	国民技术	SZ
359	2012-12-10	13.28	13.7	13.18	13.64	3393900	13.57	300077	国民技术	SZ
360	2012-12-07	13.1	13.41	12.82	13.39	3837300	13.32	300077	国民技术	SZ
361	2012-12-06	13.09	13.45	12.96	13.17	3605200	13.1	300077	国民技术	SZ
362	2012-12-05	12.36	12.96	12.27	12.88	2658200	12.81	300077	国民技术	SZ
363	2012-12-04	12.01	12.4	11.92	12.37	1721900	12.3	300077	国民技术	SZ
364	2012-12-03	12.4	12.45	11.96	11.99	1124900	11.93	300077	国民技术	SZ
365	2012-11-30	12.26	12.51	12.03	12.41	1165300	12.34	300077	国民技术	SZ
366	2012-11-29	12.44	12.65	12.21	12.27	1193100	12.2	300077	国民技术	SZ
367	2012-11-28	12.45	12.56	12.34	12.39	1265500	12.32	300077	国民技术	SZ
368	2012-11-27	13.1	13.1	12.53	12.56	1774900	12.49	300077	国民技术	SZ
369	2012-11-26	13.51	13.58	13.12	13.16	1586000	13.09	300077	国民技术	SZ
370	2012-11-23	13.58	13.78	13.52	13.52	1225800	13.45	300077	国民技术	SZ
371	2012-11-22	14	14	13.51	13.57	1979100	13.5	300077	国民技术	SZ
372	2012-11-21	13.78	14.09	13.72	14.06	2605800	13.99	300077	国民技术	SZ
373	2012-11-20	13.72	13.82	13.61	13.75	1315200	13.68	300077	国民技术	SZ
374	2012-11-19	13.6	13.75	13.37	13.73	1493400	13.66	300077	国民技术	SZ
375	2012-11-16	13.2	13.58	13.19	13.42	1633800	13.35	300077	国民技术	SZ
376	2012-11-15	13.36	13.51	13.21	13.21	1292100	13.14	300077	国民技术	SZ
377	2012-11-14	13.39	13.54	13.32	13.51	1172400	13.44	300077	国民技术	SZ
378	2012-11-13	13.83	13.85	13.31	13.33	1960600	13.26	300077	国民技术	SZ
379	2012-11-12	13.74	13.93	13.61	13.82	1229900	13.75	300077	国民技术	SZ
380	2012-11-09	13.57	13.87	13.39	13.75	2340600	13.68	300077	国民技术	SZ
381	2012-11-08	14.09	14.13	13.63	13.63	1962000	13.56	300077	国民技术	SZ
382	2012-11-07	14.34	14.39	14.09	14.18	1550900	14.1	300077	国民技术	SZ
383	2012-11-06	14.71	14.71	13.82	14.3	3345000	14.22	300077	国民技术	SZ
384	2012-11-05	14.91	15.03	14.65	14.71	1621400	14.63	300077	国民技术	SZ
385	2012-11-02	14.72	15.11	14.61	15.01	2711600	14.93	300077	国民技术	SZ
386	2012-11-01	14.54	14.8	14.41	14.77	1805800	14.69	300077	国民技术	SZ
387	2012-10-31	15.12	15.15	14.3	14.54	3559600	14.46	300077	国民技术	SZ
388	2012-10-30	15.1	15.24	15.05	15.1	1126900	15.02	300077	国民技术	SZ
389	2012-10-29	15.22	15.25	15.04	15.09	1148000	15.01	300077	国民技术	SZ
390	2012-10-26	15.78	15.78	15	15.23	2934700	15.15	300077	国民技术	SZ
391	2012-10-25	15.88	16.08	15.76	15.76	1788100	15.68	300077	国民技术	SZ
392	2012-10-24	15.75	16.13	15.62	15.96	1819200	15.88	300077	国民技术	SZ
393	2012-10-23	16.29	16.32	15.91	15.94	2063800	15.86	300077	国民技术	SZ
394	2012-10-22	16.25	16.35	15.99	16.29	2127400	16.2	300077	国民技术	SZ
395	2012-10-19	16.5	16.67	16.23	16.45	2164000	16.36	300077	国民技术	SZ
396	2012-10-18	16.14	16.49	16.08	16.36	2345100	16.27	300077	国民技术	SZ
397	2012-10-17	16.05	16.12	15.75	16.06	2006200	15.97	300077	国民技术	SZ
398	2012-10-16	16.2	16.42	15.91	15.95	2739900	15.87	300077	国民技术	SZ
399	2012-10-15	16.81	16.82	15.98	16.24	3125700	16.15	300077	国民技术	SZ
400	2012-10-12	16.84	17.05	16.37	16.94	3191300	16.85	300077	国民技术	SZ
401	2012-10-11	17.3	17.45	16.72	16.73	3277700	16.64	300077	国民技术	SZ
402	2012-10-10	17.2	17.52	16.92	17.45	3434400	17.36	300077	国民技术	SZ
403	2012-10-09	16.71	17.32	16.71	17.25	3396800	17.16	300077	国民技术	SZ
404	2012-10-08	16.9	17.13	16.44	16.8	2916700	16.71	300077	国民技术	SZ
410	2012-09-28	16.6	16.98	16.48	16.96	3427400	16.87	300077	国民技术	SZ
411	2012-09-27	16.4	16.74	16.1	16.65	3215600	16.56	300077	国民技术	SZ
412	2012-09-26	16.23	16.68	16.12	16.19	3209300	16.1	300077	国民技术	SZ
413	2012-09-25	16.21	16.6	16.09	16.16	1886300	16.07	300077	国民技术	SZ
414	2012-09-24	16.1	16.46	15.74	16.3	2323000	16.21	300077	国民技术	SZ
415	2012-09-21	16.71	16.79	16.11	16.12	3703500	16.03	300077	国民技术	SZ
416	2012-09-20	17.88	18.28	16.68	16.7	5146500	16.61	300077	国民技术	SZ
417	2012-09-19	17.5	18.04	17.4	17.78	3971300	17.69	300077	国民技术	SZ
418	2012-09-18	17.47	17.88	17.3	17.36	2406000	17.27	300077	国民技术	SZ
419	2012-09-17	18.1	18.18	17.4	17.51	3962300	17.42	300077	国民技术	SZ
420	2012-09-14	17.95	18.59	17.95	18.19	6535800	18.09	300077	国民技术	SZ
421	2012-09-13	18.24	18.33	17.8	17.8	4143800	17.71	300077	国民技术	SZ
422	2012-09-12	18.25	18.6	17.89	18.42	7233800	18.32	300077	国民技术	SZ
423	2012-09-11	18.39	19.59	18.38	18.47	11210200	18.37	300077	国民技术	SZ
424	2012-09-10	18.02	18.7	17.81	18.19	8271900	18.09	300077	国民技术	SZ
425	2012-09-07	17.88	18.55	17.7	18.22	9312200	18.12	300077	国民技术	SZ
426	2012-09-06	17.44	18.06	17.25	17.86	9880500	17.76	300077	国民技术	SZ
427	2012-09-05	17.5	18.18	17.1	17.6	13411300	17.51	300077	国民技术	SZ
428	2012-09-04	15.57	17.22	15.55	17.22	6049800	17.13	300077	国民技术	SZ
429	2012-09-03	15.48	15.87	15.44	15.65	1711100	15.57	300077	国民技术	SZ
430	2012-08-31	15.35	15.65	15.2	15.52	1634400	15.44	300077	国民技术	SZ
431	2012-08-30	16.06	16.4	15.02	15.37	3489100	15.29	300077	国民技术	SZ
432	2012-08-29	15.99	16.43	15.84	16.15	2354000	16.06	300077	国民技术	SZ
433	2012-08-28	15.84	16.19	15.8	15.99	1663900	15.9	300077	国民技术	SZ
434	2012-08-27	16.41	16.59	15.66	15.87	2403300	15.79	300077	国民技术	SZ
435	2012-08-24	16.88	17.28	16.4	16.41	3732000	16.32	300077	国民技术	SZ
436	2012-08-23	16.52	16.98	16.47	16.88	2989300	16.79	300077	国民技术	SZ
437	2012-08-22	16.8	16.95	16.4	16.5	3060400	16.41	300077	国民技术	SZ
438	2012-08-21	16.01	17.17	16.01	16.86	5415600	16.77	300077	国民技术	SZ
439	2012-08-20	15.9	16.15	15.67	16.03	1404400	15.94	300077	国民技术	SZ
440	2012-08-17	15.61	16.03	15.58	16.03	1690300	15.94	300077	国民技术	SZ
441	2012-08-16	15.65	15.78	15.55	15.6	1082100	15.52	300077	国民技术	SZ
442	2012-08-15	16	16	15.64	15.7	1250800	15.62	300077	国民技术	SZ
443	2012-08-14	15.78	16.07	15.55	16	1999700	15.91	300077	国民技术	SZ
444	2012-08-13	16.52	16.6	15.75	15.8	2979800	15.72	300077	国民技术	SZ
445	2012-08-10	16.9	17	16.53	16.62	1910900	16.53	300077	国民技术	SZ
446	2012-08-09	16.7	16.84	16.14	16.75	2487800	16.66	300077	国民技术	SZ
447	2012-08-08	16.45	16.96	16.4	16.74	3123700	16.65	300077	国民技术	SZ
448	2012-08-07	16.54	16.74	16.37	16.55	2601400	16.46	300077	国民技术	SZ
449	2012-08-06	15.88	16.64	15.88	16.55	3086800	16.46	300077	国民技术	SZ
450	2012-08-03	15.68	16.11	15.45	16.11	2539200	16.02	300077	国民技术	SZ
451	2012-08-02	15.39	15.67	15.3	15.57	1576100	15.49	300077	国民技术	SZ
452	2012-08-01	15.4	15.79	15.4	15.52	1644500	15.44	300077	国民技术	SZ
453	2012-07-31	15.97	16.1	15.25	15.39	2405300	15.31	300077	国民技术	SZ
454	2012-07-30	16.44	16.77	15.98	16.01	2004400	15.92	300077	国民技术	SZ
455	2012-07-27	16.38	16.61	16.13	16.49	1702200	16.4	300077	国民技术	SZ
456	2012-07-26	16.53	16.68	16.27	16.3	1515000	16.21	300077	国民技术	SZ
457	2012-07-25	16.6	16.98	16.42	16.53	2289900	16.44	300077	国民技术	SZ
458	2012-07-24	16.1	17.2	16.04	16.76	3996100	16.67	300077	国民技术	SZ
459	2012-07-23	16.24	16.39	16.02	16.18	1719100	16.09	300077	国民技术	SZ
460	2012-07-20	16.52	16.83	16.35	16.43	2335400	16.34	300077	国民技术	SZ
461	2012-07-19	16.26	16.74	16.2	16.52	3101600	16.43	300077	国民技术	SZ
462	2012-07-18	16.18	16.4	15.78	16.31	2441500	16.22	300077	国民技术	SZ
463	2012-07-17	15.9	16.3	15.75	16.19	2179200	16.1	300077	国民技术	SZ
464	2012-07-16	17.32	17.39	15.76	16	4723800	15.91	300077	国民技术	SZ
465	2012-07-13	17.6	17.78	17.2	17.25	3072100	17.16	300077	国民技术	SZ
466	2012-07-12	17.3	17.81	17.25	17.78	3128800	17.69	300077	国民技术	SZ
467	2012-07-11	17.2	17.45	17.03	17.4	1408800	17.31	300077	国民技术	SZ
468	2012-07-10	17.18	17.3	16.88	17.18	2369400	17.09	300077	国民技术	SZ
469	2012-07-09	18.01	18.01	17.31	17.33	3349000	17.24	300077	国民技术	SZ
470	2012-07-06	18	18.33	17.5	18.21	3812400	18.11	300077	国民技术	SZ
471	2012-07-05	19.98	19.99	18.05	18.05	8000400	17.95	300077	国民技术	SZ
472	2012-07-04	20.07	20.3	20	20.05	2057400	19.94	300077	国民技术	SZ
473	2012-07-03	20.35	20.38	20.02	20.16	3128200	20.05	300077	国民技术	SZ
474	2012-07-02	20.15	20.65	20.12	20.4	2474600	20.29	300077	国民技术	SZ
475	2012-06-29	20.04	20.38	19.9	20.31	2145000	20.2	300077	国民技术	SZ
476	2012-06-28	20.82	20.94	20	20.06	3563300	19.95	300077	国民技术	SZ
477	2012-06-27	21.5	21.67	20.7	20.78	3385600	20.67	300077	国民技术	SZ
478	2012-06-26	21.2	21.59	21.1	21.44	1696400	21.33	300077	国民技术	SZ
479	2012-06-25	22.15	22.25	21.4	21.41	3802100	21.3	300077	国民技术	SZ
481	2012-06-21	23.38	23.55	21.86	22.31	5859200	22.19	300077	国民技术	SZ
482	2012-06-20	23.35	23.46	23.01	23.33	4650900	23.21	300077	国民技术	SZ
483	2012-06-19	23.02	23.68	22.94	23.46	5724600	23.34	300077	国民技术	SZ
484	2012-06-18	22.91	23.28	22.82	23.08	3420200	22.96	300077	国民技术	SZ
485	2012-06-15	22.5	23.1	22.19	22.9	3497600	22.78	300077	国民技术	SZ
486	2012-06-14	23.14	23.26	22.4	22.44	3084400	22.32	300077	国民技术	SZ
487	2012-06-13	22.93	23.3	22.82	23.18	3120100	23.06	300077	国民技术	SZ
488	2012-06-12	22.9	22.94	22.63	22.79	1848500	22.67	300077	国民技术	SZ
489	2012-06-11	22.47	23	22.25	23	3260100	22.88	300077	国民技术	SZ
490	2012-06-08	22.36	22.63	21.95	22.2	2522700	22.08	300077	国民技术	SZ
491	2012-06-07	22.5	22.59	22	22.09	2123900	21.97	300077	国民技术	SZ
492	2012-06-06	22.5	22.69	22	22.17	2707600	22.05	300077	国民技术	SZ
493	2012-06-05	22.61	22.76	22.22	22.31	2753100	22.19	300077	国民技术	SZ
494	2012-06-04	23.25	23.55	22.5	22.5	4127600	22.38	300077	国民技术	SZ
495	2012-06-01	23.42	23.67	23.14	23.6	4175700	23.47	300077	国民技术	SZ
496	2012-05-31	22.75	23.77	22.74	23.55	6645400	23.42	300077	国民技术	SZ
497	2012-05-30	23.16	23.25	22.71	22.78	3434800	22.66	300077	国民技术	SZ
498	2012-05-29	22.47	22.92	22.36	22.7	3536300	22.58	300077	国民技术	SZ
499	2012-05-28	22.72	22.84	22.06	22.61	3797900	22.22	300077	国民技术	SZ
500	2012-05-25	23.7	23.75	22.81	22.99	2642100	22.59	300077	国民技术	SZ
501	2012-05-24	23.2	23.99	23.14	23.6	3090100	23.19	300077	国民技术	SZ
502	2012-05-23	23.9	23.93	23.02	23.16	3183400	22.76	300077	国民技术	SZ
503	2012-05-22	24	24.15	23.57	23.85	2863300	23.44	300077	国民技术	SZ
504	2012-05-21	23.5	23.99	23.33	23.73	3657900	23.32	300077	国民技术	SZ
505	2012-05-18	22.88	24.63	22.78	23.67	7868100	23.26	300077	国民技术	SZ
506	2012-05-17	22.38	22.86	22.35	22.75	1711800	22.36	300077	国民技术	SZ
507	2012-05-16	22.78	22.98	22.35	22.39	1740100	22	300077	国民技术	SZ
508	2012-05-15	22.95	22.95	22.49	22.78	2520900	22.39	300077	国民技术	SZ
509	2012-05-14	23.48	23.85	23.1	23.12	2706300	22.72	300077	国民技术	SZ
510	2012-05-11	23.37	23.55	23.14	23.18	2031100	22.78	300077	国民技术	SZ
511	2012-05-10	23.43	23.74	23.25	23.37	2244200	22.97	300077	国民技术	SZ
512	2012-05-09	24.03	24.03	23.21	23.35	4050100	22.95	300077	国民技术	SZ
513	2012-05-08	23.76	24.55	23.51	24.18	5122700	23.76	300077	国民技术	SZ
514	2012-05-07	23.6	24.35	23.46	23.77	5300400	23.36	300077	国民技术	SZ
516	2012-05-03	22.64	23.13	22.57	23.03	3144100	22.63	300077	国民技术	SZ
517	2012-05-02	22.54	22.74	22.2	22.57	3033100	22.18	300077	国民技术	SZ
520	2012-04-27	21.84	22.65	21.84	22.26	3321500	21.88	300077	国民技术	SZ
521	2012-04-26	22.7	22.87	21.68	22.04	5098900	21.66	300077	国民技术	SZ
522	2012-04-25	22.86	22.95	22.24	22.49	4880300	22.1	300077	国民技术	SZ
523	2012-04-24	22.5	23.28	22.18	22.92	6679600	22.53	300077	国民技术	SZ
524	2012-04-23	25.11	25.3	22.93	23.14	12746200	22.74	300077	国民技术	SZ
525	2012-04-20	24.45	25.67	24.38	25.48	6524500	25.04	300077	国民技术	SZ
526	2012-04-19	24.55	25.04	24.36	24.62	4478800	24.2	300077	国民技术	SZ
527	2012-04-18	23.9	24.77	23.81	24.65	4596100	24.23	300077	国民技术	SZ
528	2012-04-17	24.38	24.46	23.7	23.72	4291600	23.31	300077	国民技术	SZ
529	2012-04-16	24.48	24.84	24.18	24.29	3621500	23.87	300077	国民技术	SZ
530	2012-04-13	24.52	25.19	24.52	24.68	4948000	24.26	300077	国民技术	SZ
531	2012-04-12	24.08	24.66	24.03	24.63	5427600	24.21	300077	国民技术	SZ
532	2012-04-11	23.81	24.4	23.67	23.95	4562300	23.54	300077	国民技术	SZ
533	2012-04-10	23.08	24.33	22.8	24.31	6968300	23.89	300077	国民技术	SZ
534	2012-04-09	25.07	25.07	23.48	23.48	6983800	23.08	300077	国民技术	SZ
535	2012-04-06	24.89	25.47	24.8	25.09	5042300	24.66	300077	国民技术	SZ
536	2012-04-05	24.45	25.17	24.4	25.08	5064900	24.65	300077	国民技术	SZ
540	2012-03-30	24.55	25.07	24.09	24.45	4289800	24.03	300077	国民技术	SZ
541	2012-03-29	26.32	26.32	23.99	24.7	7433100	24.28	300077	国民技术	SZ
542	2012-03-28	27.98	27.98	26.58	26.58	8776800	26.12	300077	国民技术	SZ
543	2012-03-27	27.93	28.58	27.65	28.24	7607800	27.75	300077	国民技术	SZ
544	2012-03-26	27.29	28.1	27.12	27.81	8467000	27.33	300077	国民技术	SZ
545	2012-03-23	27.01	27.4	26.52	27.24	5388500	26.77	300077	国民技术	SZ
546	2012-03-22	27.15	27.77	26.94	27.26	7356800	26.79	300077	国民技术	SZ
547	2012-03-21	26.99	27.3	26.4	27.15	8568300	26.68	300077	国民技术	SZ
548	2012-03-20	28.11	28.16	26.8	26.8	11665600	26.34	300077	国民技术	SZ
549	2012-03-19	27.8	28.5	27.66	28.4	9600100	27.91	300077	国民技术	SZ
550	2012-03-16	27.91	28.8	27.49	28.69	9539300	28.2	300077	国民技术	SZ
551	2012-03-15	28.5	28.82	27.21	27.86	10514700	27.38	300077	国民技术	SZ
552	2012-03-14	30.9	31.48	28.23	28.6	17924400	28.11	300077	国民技术	SZ
553	2012-03-13	30.71	31.18	30.02	30.86	10686500	30.33	300077	国民技术	SZ
554	2012-03-12	31.24	31.45	30.42	30.8	13733400	30.27	300077	国民技术	SZ
555	2012-03-09	31.49	32.6	30.83	31.25	13929400	30.71	300077	国民技术	SZ
556	2012-03-08	31.2	31.42	30.61	31.21	10077800	30.67	300077	国民技术	SZ
557	2012-03-07	29.79	31.97	29.68	30.96	18756000	30.43	300077	国民技术	SZ
558	2012-03-06	29.3	31.7	28.91	30.39	25703500	29.87	300077	国民技术	SZ
560	2012-03-02	28.36	29	28.34	28.86	14593500	28.36	300077	国民技术	SZ
561	2012-03-01	26.33	29.16	26.3	28.78	28607500	28.28	300077	国民技术	SZ
562	2012-02-29	26.28	26.76	26.01	26.51	6885300	26.05	300077	国民技术	SZ
563	2012-02-28	26.7	26.94	26	26.26	8558400	25.81	300077	国民技术	SZ
564	2012-02-27	27.47	28.56	26.9	26.91	12180500	26.45	300077	国民技术	SZ
565	2012-02-24	27.16	27.28	26.55	27.07	7943400	26.6	300077	国民技术	SZ
566	2012-02-23	27.36	27.67	26.68	27.08	9523400	26.61	300077	国民技术	SZ
567	2012-02-22	26.99	27.67	26.83	27.37	12298000	26.9	300077	国民技术	SZ
568	2012-02-21	25.71	27.3	25.62	27.14	14746900	26.67	300077	国民技术	SZ
569	2012-02-20	26.3	26.9	25.7	25.7	8779000	25.26	300077	国民技术	SZ
570	2012-02-17	25.72	26	25.25	25.95	5446400	25.5	300077	国民技术	SZ
571	2012-02-16	25.98	26.18	25.11	25.56	6809800	25.12	300077	国民技术	SZ
572	2012-02-15	25.31	26.38	24.8	26.06	8472300	25.61	300077	国民技术	SZ
573	2012-02-14	25.89	26.93	25.35	25.4	7851200	24.96	300077	国民技术	SZ
574	2012-02-13	25.15	26.38	25.01	25.95	7118200	25.5	300077	国民技术	SZ
575	2012-02-10	25.36	25.79	24.97	25.47	6429500	25.03	300077	国民技术	SZ
576	2012-02-09	24.23	26.44	24.01	25.53	10126200	25.09	300077	国民技术	SZ
577	2012-02-08	23.57	24.34	23.45	24.21	4387000	23.79	300077	国民技术	SZ
578	2012-02-07	23.8	24.38	23.53	23.64	5312000	23.23	300077	国民技术	SZ
579	2012-02-06	24	24.33	23.71	24.04	4615400	23.63	300077	国民技术	SZ
580	2012-02-03	23.18	24.33	23	24.26	6076300	23.84	300077	国民技术	SZ
581	2012-02-02	23	23.29	22.55	23.24	4188300	22.84	300077	国民技术	SZ
582	2012-02-01	22.91	23.66	22.8	22.91	4264500	22.52	300077	国民技术	SZ
583	2012-01-31	23.1	23.12	22.35	22.94	3102900	22.55	300077	国民技术	SZ
584	2012-01-30	22.8	23.38	22.54	23.16	4713100	22.76	300077	国民技术	SZ
590	2012-01-20	22.26	23.05	22.25	22.53	5904200	22.14	300077	国民技术	SZ
591	2012-01-19	23	23.1	21.4	22.49	10876600	22.1	300077	国民技术	SZ
592	2012-01-18	26.3	26.77	23.74	23.75	13713500	23.34	300077	国民技术	SZ
593	2012-01-17	24.4	26.56	24.18	26.38	11317300	25.93	300077	国民技术	SZ
594	2012-01-16	27	27.23	25.12	25.12	11603500	24.69	300077	国民技术	SZ
595	2012-01-13	27.77	28.6	26.9	27.91	13787100	27.43	300077	国民技术	SZ
596	2012-01-12	28.01	28.7	27.68	27.77	11305600	27.29	300077	国民技术	SZ
597	2012-01-11	27	28.48	26.8	28.35	14222400	27.86	300077	国民技术	SZ
598	2012-01-10	25.9	27.73	25.55	27.14	12379500	26.67	300077	国民技术	SZ
599	2012-01-09	24.7	26.15	24.08	26.04	9232400	25.59	300077	国民技术	SZ
600	2012-01-06	24.16	25.08	23.28	24.9	7521700	24.47	300077	国民技术	SZ
601	2012-01-05	26.54	26.84	24.4	24.59	11041200	24.17	300077	国民技术	SZ
602	2012-01-04	28.27	29.28	27	27.1	10138100	26.63	300077	国民技术	SZ
603	2012-01-03	26.4	28.57	26.4	27.89	9147700	27.41	300077	国民技术	SZ
604	2012-01-02	26.4	28.57	26.4	27.89	9147700	27.41	300077	国民技术	SZ
605	2011-12-30	26.4	28.57	26.4	27.89	9147700	27.41	300077	国民技术	SZ
606	2011-12-29	26.95	27.36	26.48	26.58	5435700	26.12	300077	国民技术	SZ
607	2011-12-28	26.77	27.9	26.21	27.16	8471900	26.69	300077	国民技术	SZ
608	2011-12-27	27.08	28.8	26.92	27.41	10035400	26.94	300077	国民技术	SZ
609	2011-12-26	28.6	29.21	27.35	27.4	8957300	26.93	300077	国民技术	SZ
610	2011-12-23	27.9	29.52	27.58	28.6	13778400	28.11	300077	国民技术	SZ
611	2011-12-22	26	29.26	25.11	28.4	17871600	27.91	300077	国民技术	SZ
612	2011-12-21	26.55	27.48	26.32	26.9	12285700	26.44	300077	国民技术	SZ
613	2011-12-20	28.8	29.26	26.34	26.4	17323000	25.95	300077	国民技术	SZ
614	2011-12-19	26.55	28.17	26.2	28.1	19687000	27.62	300077	国民技术	SZ
615	2011-12-16	24.01	26.62	23.83	26.62	13697000	26.16	300077	国民技术	SZ
616	2011-12-15	23.68	25.14	23.5	24.2	7062000	23.78	300077	国民技术	SZ
617	2011-12-14	23.7	24.38	23.26	23.94	3312600	23.53	300077	国民技术	SZ
618	2011-12-13	24.88	24.96	23.89	23.99	5080800	23.58	300077	国民技术	SZ
619	2011-12-12	24.7	25.61	24.56	25.19	7157700	24.76	300077	国民技术	SZ
620	2011-12-09	24.9	25.4	24.45	24.56	7616900	24.14	300077	国民技术	SZ
621	2011-12-08	23.31	25.63	22.5	25.6	11372200	25.16	300077	国民技术	SZ
622	2011-12-07	23.8	24.13	23.01	23.3	3821300	22.9	300077	国民技术	SZ
623	2011-12-06	22.78	23.19	22.5	23	2708400	22.6	300077	国民技术	SZ
624	2011-12-05	24.15	24.18	22.6	22.9	5945900	22.51	300077	国民技术	SZ
625	2011-12-02	25.6	25.62	24.4	24.44	5158700	24.02	300077	国民技术	SZ
626	2011-12-01	26.51	26.92	25.8	25.8	7411200	25.36	300077	国民技术	SZ
627	2011-11-30	27.3	27.3	25.31	25.6	9284200	25.16	300077	国民技术	SZ
628	2011-11-29	27.24	27.8	26.56	27.36	9225600	26.89	300077	国民技术	SZ
629	2011-11-28	25.28	26.99	25.1	26.98	9168500	26.52	300077	国民技术	SZ
630	2011-11-25	25.3	25.94	25	25	4562400	24.57	300077	国民技术	SZ
631	2011-11-24	25.08	26	24.92	25.44	6948400	25	300077	国民技术	SZ
632	2011-11-23	26.78	26.8	25.27	25.4	11779900	24.96	300077	国民技术	SZ
633	2011-11-22	26.44	27.14	26.22	26.72	6366200	26.26	300077	国民技术	SZ
634	2011-11-21	27.53	27.74	26.28	26.78	8665700	26.32	300077	国民技术	SZ
635	2011-11-18	27.82	28.21	27.1	27.47	11384200	27	300077	国民技术	SZ
636	2011-11-17	26.2	28.85	26.11	28.44	18939300	27.95	300077	国民技术	SZ
637	2011-11-16	25.01	26.9	24.61	26.45	19252400	26	300077	国民技术	SZ
638	2011-11-15	24.5	25.25	24.29	25.21	10067100	24.78	300077	国民技术	SZ
639	2011-11-14	24.2	25.92	24.2	24.78	14017800	24.35	300077	国民技术	SZ
640	2011-11-11	24.4	24.68	23.42	23.56	6879100	23.15	300077	国民技术	SZ
641	2011-11-10	23.9	25.14	23.81	24.37	8035300	23.95	300077	国民技术	SZ
642	2011-11-09	23.4	24.24	23.18	24.21	4702100	23.79	300077	国民技术	SZ
643	2011-11-08	23.26	23.84	23.12	23.2	2903900	22.8	300077	国民技术	SZ
644	2011-11-07	23.75	23.84	23.18	23.23	3863700	22.83	300077	国民技术	SZ
645	2011-11-04	23.91	24.28	23.45	23.95	5200100	23.54	300077	国民技术	SZ
646	2011-11-03	23.55	24.4	23.55	23.65	9886200	23.24	300077	国民技术	SZ
647	2011-11-02	22.04	23.3	21.85	23.15	6137100	22.75	300077	国民技术	SZ
648	2011-11-01	22.11	22.7	21.98	22.58	3054100	22.19	300077	国民技术	SZ
649	2011-10-31	21.8	22.83	21.79	22.56	3073200	22.17	300077	国民技术	SZ
650	2011-10-28	21.62	22.12	21.5	21.89	2977900	21.51	300077	国民技术	SZ
651	2011-10-27	21.73	22.2	21.15	21.35	2497500	20.98	300077	国民技术	SZ
652	2011-10-26	21.2	21.96	21.12	21.65	3115500	21.28	300077	国民技术	SZ
653	2011-10-25	20.86	21.5	20.42	21.46	2832000	21.09	300077	国民技术	SZ
654	2011-10-24	20.86	21	20.14	20.92	2418200	20.56	300077	国民技术	SZ
655	2011-10-21	20.91	21.3	20.8	20.83	866900	20.47	300077	国民技术	SZ
656	2011-10-20	21.6	21.74	20.83	21.08	2413200	20.72	300077	国民技术	SZ
657	2011-10-19	22.63	22.77	21.36	21.83	3497800	21.45	300077	国民技术	SZ
658	2011-10-18	23.2	23.44	22.5	22.51	1860300	22.12	300077	国民技术	SZ
659	2011-10-17	23.65	23.86	23.26	23.43	1884700	23.03	300077	国民技术	SZ
660	2011-10-14	23.78	23.98	23.37	23.71	1875700	23.3	300077	国民技术	SZ
661	2011-10-13	23.26	23.99	23.26	23.78	1942200	23.37	300077	国民技术	SZ
662	2011-10-12	22.5	23.61	22.28	23.53	2286200	23.13	300077	国民技术	SZ
663	2011-10-11	22.91	23.15	22.22	22.55	1456500	22.16	300077	国民技术	SZ
664	2011-10-10	23.12	23.18	22.26	22.4	2426900	22.01	300077	国民技术	SZ
665	2011-09-30	23.01	23.43	22.73	23.13	1667700	22.73	300077	国民技术	SZ
666	2011-09-29	23.5	23.73	22.8	22.8	1855000	22.41	300077	国民技术	SZ
667	2011-09-28	24.26	24.39	23.5	23.61	1901300	23.2	300077	国民技术	SZ
668	2011-09-27	24.65	24.8	23.97	24.02	2532100	23.61	300077	国民技术	SZ
669	2011-09-26	24.4	24.9	24.24	24.3	1585500	23.88	300077	国民技术	SZ
670	2011-09-23	24.29	24.85	24.01	24.49	1939200	24.07	300077	国民技术	SZ
671	2011-09-22	25.3	25.48	24.6	24.63	3136300	24.21	300077	国民技术	SZ
672	2011-09-21	24.8	25.8	24.65	25.78	4775200	25.34	300077	国民技术	SZ
673	2011-09-20	24.66	25.27	24.55	24.74	1902300	24.31	300077	国民技术	SZ
674	2011-09-19	25.61	25.7	24.72	24.83	2119500	24.4	300077	国民技术	SZ
675	2011-09-16	26.13	26.33	25.93	26	2203100	25.55	300077	国民技术	SZ
676	2011-09-15	26.1	26.27	25.85	25.92	2674300	25.47	300077	国民技术	SZ
677	2011-09-14	25.12	26.05	25.01	26.04	3109200	25.59	300077	国民技术	SZ
678	2011-09-13	24.92	25.29	24.6	24.98	1744000	24.55	300077	国民技术	SZ
679	2011-09-09	25.73	26.63	25.31	25.37	3609300	24.93	300077	国民技术	SZ
680	2011-09-08	25.58	26.39	25.2	25.83	4432400	25.39	300077	国民技术	SZ
681	2011-09-07	24.69	25.36	24.6	25.3	2242100	24.86	300077	国民技术	SZ
682	2011-09-06	24.8	25.15	24.36	24.47	3353500	24.05	300077	国民技术	SZ
683	2011-09-05	26.7	26.75	25.11	25.12	3297100	24.69	300077	国民技术	SZ
684	2011-09-02	26.41	27.47	26.14	26.99	4585700	26.53	300077	国民技术	SZ
685	2011-09-01	26.96	27.1	26.23	26.4	2738100	25.95	300077	国民技术	SZ
686	2011-08-31	27.08	27.65	26.42	26.84	3615200	26.38	300077	国民技术	SZ
687	2011-08-30	28.41	28.59	27.18	27.21	6228100	26.74	300077	国民技术	SZ
688	2011-08-29	28.1	28.98	27.91	28.42	5929000	27.93	300077	国民技术	SZ
689	2011-08-26	27.2	28.68	27.1	28.55	7916000	28.06	300077	国民技术	SZ
690	2011-08-25	27.53	28	26.45	27.73	9642000	27.25	300077	国民技术	SZ
691	2011-08-24	26.8	27.98	26.78	27.7	14114800	27.22	300077	国民技术	SZ
692	2011-08-23	25.61	26.7	25.59	26.61	5924700	26.15	300077	国民技术	SZ
693	2011-08-22	25.08	26.26	24.98	25.64	3955500	25.2	300077	国民技术	SZ
694	2011-08-19	24.3	24.94	24.01	24.77	2083000	24.34	300077	国民技术	SZ
695	2011-08-18	25.66	25.95	25.03	25.03	2088300	24.6	300077	国民技术	SZ
696	2011-08-17	25.25	26.4	25.25	25.75	2988000	25.31	300077	国民技术	SZ
697	2011-08-16	25.94	26.13	25.31	25.4	2822100	24.96	300077	国民技术	SZ
698	2011-08-15	25.5	26.15	25.03	25.93	3489100	25.48	300077	国民技术	SZ
699	2011-08-12	24.98	25.77	24.9	25.32	3717500	24.88	300077	国民技术	SZ
700	2011-08-11	22.91	24.98	22.91	24.76	4020400	24.33	300077	国民技术	SZ
701	2011-08-10	24.46	24.59	23.85	23.92	2827800	23.51	300077	国民技术	SZ
702	2011-08-09	22.97	24.1	22.31	23.79	3858200	23.38	300077	国民技术	SZ
703	2011-08-08	25.99	26.28	24	24.1	5589100	23.69	300077	国民技术	SZ
704	2011-08-05	25.98	26.6	25.56	26.36	3979500	25.91	300077	国民技术	SZ
705	2011-08-04	27.96	28.39	27.35	27.4	6401300	26.93	300077	国民技术	SZ
706	2011-08-03	26.01	28.93	25.92	28.2	11683600	27.71	300077	国民技术	SZ
707	2011-08-02	26	26.3	25.2	26.3	2790300	25.85	300077	国民技术	SZ
708	2011-08-01	26	26.47	25.5	26.21	2679600	25.76	300077	国民技术	SZ
709	2011-07-29	26.15	26.54	25.86	26.01	2201600	25.56	300077	国民技术	SZ
710	2011-07-28	26.2	26.27	25.71	26.01	3195600	25.56	300077	国民技术	SZ
711	2011-07-27	26.19	26.7	25.7	26.54	2829100	26.08	300077	国民技术	SZ
712	2011-07-26	26.3	26.69	26.06	26.33	2684500	25.88	300077	国民技术	SZ
713	2011-07-25	28.49	28.86	26.38	26.53	4552300	26.07	300077	国民技术	SZ
714	2011-07-22	28.49	28.88	28.37	28.49	2790500	28	300077	国民技术	SZ
715	2011-07-21	29.5	29.5	28.11	28.24	3462900	27.75	300077	国民技术	SZ
716	2011-07-20	29	29.31	28.39	29.2	3489700	28.7	300077	国民技术	SZ
717	2011-07-19	29.48	29.48	28.5	28.77	4819400	28.28	300077	国民技术	SZ
718	2011-07-18	30	30.97	29.48	29.75	6032000	29.24	300077	国民技术	SZ
719	2011-07-15	29.55	30.33	29.32	29.65	7361700	29.14	300077	国民技术	SZ
720	2011-07-14	28.31	29.55	28.31	29.49	6789400	28.98	300077	国民技术	SZ
721	2011-07-13	27.58	28.47	27.58	28.4	3620200	27.91	300077	国民技术	SZ
722	2011-07-12	28.13	28.16	27.61	27.67	3583400	27.19	300077	国民技术	SZ
723	2011-07-11	28.45	28.52	27.84	28.48	3451500	27.99	300077	国民技术	SZ
724	2011-07-08	28.86	29.45	28.31	28.48	5477300	27.99	300077	国民技术	SZ
725	2011-07-07	28.15	29.79	28.12	29.01	8699800	28.51	300077	国民技术	SZ
726	2011-07-06	27.75	28.7	27.62	28.23	6111000	27.74	300077	国民技术	SZ
727	2011-07-05	27.2	27.99	27.01	27.9	5780800	27.42	300077	国民技术	SZ
728	2011-07-04	26.63	27.3	26.61	27.22	4779000	26.75	300077	国民技术	SZ
729	2011-07-01	26.5	26.95	26.31	26.67	4224400	26.21	300077	国民技术	SZ
730	2011-06-30	26.01	26.58	26	26.39	4269500	25.94	300077	国民技术	SZ
731	2011-06-29	27.1	27.38	26.12	26.22	10500100	25.77	300077	国民技术	SZ
732	2011-06-28	28	28.17	27.63	28.04	4498800	27.56	300077	国民技术	SZ
733	2011-06-27	27.44	28.59	27.34	28.26	7511000	27.77	300077	国民技术	SZ
734	2011-06-24	26.68	27.75	26.68	27.32	7219200	26.85	300077	国民技术	SZ
735	2011-06-23	25.6	27.2	25.1	26.6	8776000	26.14	300077	国民技术	SZ
736	2011-06-22	26.49	26.57	25.82	26.19	2307100	25.74	300077	国民技术	SZ
737	2011-06-21	26	26.39	25.72	26.39	2775000	25.94	300077	国民技术	SZ
738	2011-06-20	25.31	26.66	25.1	25.97	3397700	25.52	300077	国民技术	SZ
739	2011-06-17	26.18	26.48	25.53	25.6	3041600	25.16	300077	国民技术	SZ
740	2011-06-16	27.39	27.39	26.35	26.41	5575500	25.96	300077	国民技术	SZ
741	2011-06-15	28.1	28.38	27.3	27.44	3973300	26.97	300077	国民技术	SZ
742	2011-06-14	27.95	28.62	27.73	27.93	5900200	27.45	300077	国民技术	SZ
743	2011-06-13	26.3	29	26.02	28.22	6539900	27.73	300077	国民技术	SZ
744	2011-06-10	27.21	27.5	25.91	26.6	3803900	26.14	300077	国民技术	SZ
745	2011-06-09	28.12	28.19	27.36	27.47	2721300	27	300077	国民技术	SZ
746	2011-06-08	27.65	28.49	27.64	28.11	3507100	27.63	300077	国民技术	SZ
747	2011-06-07	27.98	28.09	27.4	27.64	2032100	27.16	300077	国民技术	SZ
748	2011-06-03	27.82	28.27	27.42	27.98	2047600	27.5	300077	国民技术	SZ
749	2011-06-02	28.15	28.3	27.02	27.92	3096800	27.44	300077	国民技术	SZ
750	2011-06-01	28.28	29.11	28.03	28.75	3955200	28.26	300077	国民技术	SZ
751	2011-05-31	28.34	28.4	27.45	28.31	4938400	27.82	300077	国民技术	SZ
752	2011-05-30	27.01	29.3	27	28.2	5371600	27.71	300077	国民技术	SZ
753	2011-05-27	29.38	29.39	27.7	27.89	3504700	27.41	300077	国民技术	SZ
754	2011-05-26	27.46	27.89	27	27.08	1779700	26.61	300077	国民技术	SZ
755	2011-05-25	29.85	29.85	27	27.25	4913200	26.78	300077	国民技术	SZ
756	2011-05-24	28.02	31	27.51	29.96	3714900	29.44	300077	国民技术	SZ
757	2011-05-23	28	28.58	27.09	28.45	2358000	27.96	300077	国民技术	SZ
758	2011-05-20	29	29.29	28.07	28.18	2112800	27.7	300077	国民技术	SZ
759	2011-05-19	29.6	30.37	29.01	29.19	1614500	28.69	300077	国民技术	SZ
760	2011-05-18	30.5	30.7	29.71	29.79	2661100	29.28	300077	国民技术	SZ
761	2011-05-17	33.6	34.19	31.29	31.35	2590500	30.81	300077	国民技术	SZ
762	2011-05-16	35.72	36.24	34.8	34.96	1548500	13.57	300077	国民技术	SZ
763	2011-05-13	35.4	35.87	34.6	35.5	1454000	13.78	300077	国民技术	SZ
764	2011-05-12	36.39	36.39	35.4	35.4	1112500	13.74	300077	国民技术	SZ
765	2011-05-11	36.35	36.79	35.32	36.12	1963400	14.02	300077	国民技术	SZ
766	2011-05-10	34.2	36.8	34.2	36.67	3673400	14.23	300077	国民技术	SZ
767	2011-05-09	33.68	34.23	33.4	33.7	993300	13.08	300077	国民技术	SZ
768	2011-05-06	33.3	33.8	32.96	33.68	936400	13.07	300077	国民技术	SZ
769	2011-05-05	33.28	34.3	32.88	33.6	1566500	13.04	300077	国民技术	SZ
770	2011-05-04	33.11	33.44	32.62	33.28	1653100	12.91	300077	国民技术	SZ
771	2011-05-03	31.96	33.39	31.64	33.09	1771600	12.84	300077	国民技术	SZ
772	2011-04-29	32.51	32.72	31.32	32.09	2474200	12.45	300077	国民技术	SZ
773	2011-04-28	35.44	35.5	32.35	32.54	3559800	12.63	300077	国民技术	SZ
774	2011-04-27	36.33	36.54	35.28	35.52	1478300	13.78	300077	国民技术	SZ
775	2011-04-26	36	37.04	35.2	36.33	1971900	14.1	300077	国民技术	SZ
776	2011-04-25	39.2	39.59	37.19	37.26	3328900	14.46	300077	国民技术	SZ
777	2011-04-22	41.03	41.03	39.6	40.12	2197100	15.57	300077	国民技术	SZ
778	2011-04-21	41.56	41.76	40.84	40.96	2354100	15.89	300077	国民技术	SZ
779	2011-04-20	41.6	41.92	41.21	41.58	1182800	16.14	300077	国民技术	SZ
780	2011-04-19	43.16	43.16	41.15	41.4	2723400	16.07	300077	国民技术	SZ
781	2011-04-18	44.41	44.5	43.1	43.24	1791800	16.78	300077	国民技术	SZ
782	2011-04-15	44.52	44.68	44.08	44.29	859800	17.19	300077	国民技术	SZ
783	2011-04-14	44.81	45.08	44.48	44.52	889800	17.28	300077	国民技术	SZ
784	2011-04-13	44.24	45.08	44.24	44.91	958400	17.43	300077	国民技术	SZ
785	2011-04-12	44	45.22	44	44.36	938400	17.21	300077	国民技术	SZ
786	2011-04-11	45.51	45.72	44.24	44.42	1661800	17.24	300077	国民技术	SZ
787	2011-04-08	44.66	45.79	44.66	45.59	1526200	17.69	300077	国民技术	SZ
788	2011-04-06	45.65	45.67	44	44.06	2340400	17.1	300077	国民技术	SZ
789	2011-04-01	45.04	45.74	44.8	45.65	808000	17.71	300077	国民技术	SZ
790	2011-03-31	45.14	45.68	44.76	45.04	1071100	17.48	300077	国民技术	SZ
791	2011-03-30	45.53	45.92	44.6	44.76	1455800	17.37	300077	国民技术	SZ
792	2011-03-29	47.2	47.44	45.46	45.54	2523500	17.67	300077	国民技术	SZ
793	2011-03-28	47.69	48.67	47.48	47.73	1715200	18.52	300077	国民技术	SZ
794	2011-03-25	47.3	47.68	46.9	47.68	1638400	18.5	300077	国民技术	SZ
795	2011-03-24	47.95	47.95	47	47.3	1084700	18.36	300077	国民技术	SZ
796	2011-03-23	47.2	47.96	46.92	47.67	1304300	18.5	300077	国民技术	SZ
797	2011-03-22	48.4	48.52	46.76	46.9	2195100	18.2	300077	国民技术	SZ
798	2011-03-21	49.88	49.88	48.09	48.1	2424600	18.66	300077	国民技术	SZ
799	2011-03-18	49.96	50.78	49.43	49.8	1767300	19.33	300077	国民技术	SZ
800	2011-03-17	49.82	51.06	49.02	50.28	2609900	19.51	300077	国民技术	SZ
801	2011-03-16	51.05	51.6	49.99	50.06	3901200	19.43	300077	国民技术	SZ
802	2011-03-15	51.6	52.4	50	50.96	7463000	19.77	300077	国民技术	SZ
803	2011-03-14	51.84	53.35	50.72	50.91	4127600	19.76	300077	国民技术	SZ
804	2011-03-11	49.2	51.62	49.04	51.36	5367100	19.93	300077	国民技术	SZ
805	2011-03-10	48.4	50	48.4	49.2	3691700	19.09	300077	国民技术	SZ
806	2011-03-09	46.6	48.68	46.36	48.59	2972400	18.86	300077	国民技术	SZ
807	2011-03-08	46.56	46.74	46.04	46.51	1158700	18.05	300077	国民技术	SZ
808	2011-03-07	45.6	46.4	45.41	46.32	1411300	17.97	300077	国民技术	SZ
809	2011-03-04	45.64	45.84	45.01	45.72	1294700	17.74	300077	国民技术	SZ
810	2011-03-03	46.63	46.88	45.36	45.64	2254500	17.71	300077	国民技术	SZ
811	2011-03-02	47.44	47.61	46.28	46.63	2348800	18.09	300077	国民技术	SZ
812	2011-03-01	47.56	48.46	47.32	47.79	1557600	18.54	300077	国民技术	SZ
813	2011-02-28	48	48	47.06	47.47	1745100	18.42	300077	国民技术	SZ
814	2011-02-25	47.67	48.32	47.2	47.98	1246300	18.62	300077	国民技术	SZ
815	2011-02-24	48.4	48.6	47.41	47.66	1636400	18.49	300077	国民技术	SZ
816	2011-02-23	47.72	48.72	47.6	48.58	1856900	18.85	300077	国民技术	SZ
817	2011-02-22	48.8	49.8	47.75	47.76	2347000	18.53	300077	国民技术	SZ
818	2011-02-21	48.01	48.76	48	48.72	1478700	18.91	300077	国民技术	SZ
819	2011-02-18	48.8	49.2	48.27	48.36	1275100	18.77	300077	国民技术	SZ
820	2011-02-17	48.8	49.61	48.44	48.83	2069500	18.95	300077	国民技术	SZ
821	2011-02-16	47.6	48.72	47.2	48.64	2013300	18.88	300077	国民技术	SZ
822	2011-02-15	47.74	47.99	47.14	47.4	1892800	18.39	300077	国民技术	SZ
823	2011-02-14	47.3	47.96	47	47.71	1923300	18.52	300077	国民技术	SZ
824	2011-02-11	47.8	47.8	47.08	47.28	1704500	18.35	300077	国民技术	SZ
825	2011-02-10	46	47.7	45.68	47.64	2202200	18.49	300077	国民技术	SZ
826	2011-02-09	45.14	46.35	44.81	45.55	1235700	17.68	300077	国民技术	SZ
827	2011-02-01	45.48	45.7	45.11	45.46	809000	17.64	300077	国民技术	SZ
828	2011-01-31	44.72	45.6	44.4	45.48	1004300	17.65	300077	国民技术	SZ
829	2011-01-28	44.64	45.18	44.32	45	987700	17.46	300077	国民技术	SZ
830	2011-01-27	44	44.98	43.45	44.72	1293600	17.35	300077	国民技术	SZ
831	2011-01-26	44	44.59	43.61	44.28	904900	17.18	300077	国民技术	SZ
832	2011-01-25	44.39	45.06	43.03	43.74	1561500	16.97	300077	国民技术	SZ
833	2011-01-24	47.99	48.4	44.58	44.62	2967600	17.32	300077	国民技术	SZ
834	2011-01-21	47.32	48.88	47.2	47.8	1190400	18.55	300077	国民技术	SZ
835	2011-01-20	48.95	49	47.52	47.56	1533300	18.46	300077	国民技术	SZ
836	2011-01-19	47.68	49.16	47.31	48.95	1389300	18.99	300077	国民技术	SZ
837	2011-01-18	47.8	48.22	47.24	47.73	1412700	18.52	300077	国民技术	SZ
838	2011-01-17	47.6	49.8	47.6	48.28	2543000	18.74	300077	国民技术	SZ
839	2011-01-14	49.19	49.19	47.43	47.76	1394700	18.53	300077	国民技术	SZ
840	2011-01-13	48.34	49.2	48.34	48.94	2559300	18.99	300077	国民技术	SZ
841	2011-01-12	47.6	48	47	47.93	1463800	18.6	300077	国民技术	SZ
842	2011-01-11	47.52	47.52	46.48	46.96	1782600	18.22	300077	国民技术	SZ
843	2011-01-10	49.12	49.2	47.6	47.65	1951400	18.49	300077	国民技术	SZ
844	2011-01-07	48.26	49.56	48.09	49.17	2457200	19.08	300077	国民技术	SZ
845	2011-01-06	50.4	50.63	48.56	48.6	4469300	18.86	300077	国民技术	SZ
846	2011-01-05	51.21	51.21	50.2	50.4	3743700	19.56	300077	国民技术	SZ
847	2011-01-04	51.12	52.52	51.01	51.55	3394100	20.01	300077	国民技术	SZ
848	2010-12-31	50.17	51.6	50.16	51.55	2325900	20.01	300077	国民技术	SZ
849	2010-12-30	50.68	50.68	49.92	50	2178800	19.4	300077	国民技术	SZ
850	2010-12-29	50.29	50.88	50.02	50.6	1919900	19.64	300077	国民技术	SZ
851	2010-12-28	50.51	50.89	49.9	50	2033100	19.4	300077	国民技术	SZ
852	2010-12-27	52.1	52.8	50.4	50.52	2072600	19.6	300077	国民技术	SZ
853	2010-12-24	54	54.18	51.8	52	2532500	20.18	300077	国民技术	SZ
854	2010-12-23	54.52	54.76	53.66	53.9	1933900	20.92	300077	国民技术	SZ
855	2010-12-22	55.2	55.67	54.67	54.85	1328700	21.29	300077	国民技术	SZ
856	2010-12-21	55.4	55.74	54.2	55.68	1824800	21.61	300077	国民技术	SZ
857	2010-12-20	57.22	57.4	54.1	55.01	4070900	21.35	300077	国民技术	SZ
858	2010-12-17	57.6	58	56.8	57.16	1703600	22.18	300077	国民技术	SZ
859	2010-12-16	56.59	58.28	56.58	57.28	2124800	22.23	300077	国民技术	SZ
860	2010-12-15	57.88	58.1	56.8	57.2	2461200	22.2	300077	国民技术	SZ
861	2010-12-14	58.26	58.78	57.71	57.91	2577100	22.47	300077	国民技术	SZ
862	2010-12-13	57.05	59.2	56.74	58.31	3193600	22.63	300077	国民技术	SZ
863	2010-12-10	54.75	56.52	54.41	56.46	2371200	21.91	300077	国民技术	SZ
864	2010-12-09	55.72	56.18	54.45	54.68	1924500	21.22	300077	国民技术	SZ
865	2010-12-08	56.46	57.2	55.6	55.6	1908000	21.58	300077	国民技术	SZ
866	2010-12-07	55.33	56.98	55.16	56.74	2013300	22.02	300077	国民技术	SZ
867	2010-12-06	57.23	57.5	55.33	55.6	2370200	21.58	300077	国民技术	SZ
868	2010-12-03	59.12	59.12	56.58	57.25	3150400	22.22	300077	国民技术	SZ
869	2010-12-02	60.12	60.2	58.84	58.91	2919800	22.86	300077	国民技术	SZ
870	2010-11-30	62.23	62.35	57.85	60.09	5178900	23.32	300077	国民技术	SZ
871	2010-11-29	61.34	62.07	59.84	62.07	3426500	24.09	300077	国民技术	SZ
872	2010-11-26	59.54	61.56	58.82	60.52	3161600	23.49	300077	国民技术	SZ
873	2010-11-25	62.4	62.99	59.8	59.96	5060400	23.27	300077	国民技术	SZ
874	2010-11-24	61.6	63.05	61.21	62.44	4479500	24.23	300077	国民技术	SZ
875	2010-11-23	59.2	62.45	58.4	62.36	5503200	24.2	300077	国民技术	SZ
876	2010-11-22	59.2	63.33	58.6	59.12	6228100	22.94	300077	国民技术	SZ
877	2010-11-19	55.94	57.96	55.27	57.96	4131100	22.49	300077	国民技术	SZ
878	2010-11-18	54.66	55.95	53	55.88	3448500	21.68	300077	国民技术	SZ
879	2010-11-17	56.4	57.96	54.04	54.24	4567100	21.05	300077	国民技术	SZ
880	2010-11-16	59.16	59.95	56.01	57.25	6468700	22.22	300077	国民技术	SZ
881	2010-11-15	54.88	58.6	54.6	58.6	6086300	22.74	300077	国民技术	SZ
882	2010-11-12	54.2	56.52	53	53.76	5253400	20.86	300077	国民技术	SZ
883	2010-11-11	55.19	57.05	54.6	54.7	4554900	21.23	300077	国民技术	SZ
884	2010-11-10	52.8	56.8	52.8	55.45	5681000	21.52	300077	国民技术	SZ
885	2010-11-09	52.85	53.3	52.41	52.82	2570500	20.5	300077	国民技术	SZ
886	2010-11-08	50.81	53.16	50.81	52.85	3525600	20.51	300077	国民技术	SZ
887	2010-11-05	51	51.4	50.04	50.77	2333300	19.7	300077	国民技术	SZ
888	2010-11-04	50.03	50.79	50.03	50.65	1895600	19.66	300077	国民技术	SZ
889	2010-11-03	50.97	51.1	49.6	49.8	2501500	19.33	300077	国民技术	SZ
890	2010-11-02	53.84	53.84	50.8	51.36	5017900	19.93	300077	国民技术	SZ
891	2010-11-01	51.72	54.78	51.7	54	4905700	20.96	300077	国民技术	SZ
892	2010-10-29	50.56	52.43	48.91	51.67	3799700	20.05	300077	国民技术	SZ
893	2010-10-28	50.56	50.56	48.91	49.87	3322000	19.35	300077	国民技术	SZ
894	2010-10-27	51.7	52.83	50.27	50.66	3290900	19.66	300077	国民技术	SZ
895	2010-10-26	52.4	53.13	51.41	51.67	2672800	20.05	300077	国民技术	SZ
896	2010-10-25	51.36	53.8	51.16	52.44	3581400	20.35	300077	国民技术	SZ
897	2010-10-22	51.24	52.48	50.71	51.48	2971600	19.98	300077	国民技术	SZ
898	2010-10-21	51.66	51.69	50.35	51.2	3088500	19.87	300077	国民技术	SZ
899	2010-10-20	50.98	52.8	50.98	51.67	5622900	20.05	300077	国民技术	SZ
900	2010-10-19	47.6	52.26	47.6	52.12	7434600	20.23	300077	国民技术	SZ
901	2010-10-18	47.6	47.64	45.63	47.51	3286500	18.44	300077	国民技术	SZ
902	2010-10-15	48.8	49.28	47.6	47.76	2525900	18.53	300077	国民技术	SZ
903	2010-10-14	49.16	49.16	48.24	48.9	3000700	18.98	300077	国民技术	SZ
904	2010-10-13	49.15	49.16	47.54	48.4	2611900	18.78	300077	国民技术	SZ
905	2010-10-12	47.9	49.48	47.64	48.94	3573700	18.99	300077	国民技术	SZ
906	2010-10-11	48.88	48.91	47.14	47.64	4127400	18.49	300077	国民技术	SZ
907	2010-10-08	48.07	49.12	47.24	48.58	2666500	18.85	300077	国民技术	SZ
908	2010-09-30	47.2	48.32	46.84	48.08	2308400	18.66	300077	国民技术	SZ
909	2010-09-29	49.99	50.44	47.03	47.51	6092200	18.44	300077	国民技术	SZ
910	2010-09-28	51.96	51.96	50.64	50.86	2042300	19.74	300077	国民技术	SZ
911	2010-09-27	52	52.35	50.73	52.16	1842900	20.24	300077	国民技术	SZ
912	2010-09-21	51.2	51.9	50.81	51.63	1607000	20.03	300077	国民技术	SZ
913	2010-09-20	52.04	52.32	50.72	50.95	2496000	19.77	300077	国民技术	SZ
914	2010-09-17	54	54	51.96	52.1	2121900	20.22	300077	国民技术	SZ
915	2010-09-16	52.8	53.4	51.68	53.2	3595700	20.64	300077	国民技术	SZ
916	2010-09-15	54.56	55.12	52.24	52.4	6055400	20.34	300077	国民技术	SZ
917	2010-09-14	57.98	58.48	55	55.2	5492300	21.42	300077	国民技术	SZ
918	2010-09-13	56.86	58.13	56.4	57.76	2431600	22.41	300077	国民技术	SZ
919	2010-09-10	57.34	59.4	57.03	57.48	3180400	22.31	300077	国民技术	SZ
920	2010-09-09	59.15	59.6	56.51	57.1	4124300	22.16	300077	国民技术	SZ
921	2010-09-08	59.6	60.08	58.28	59.26	3384300	23	300077	国民技术	SZ
922	2010-09-07	56.25	60.12	56	59.94	5850100	23.26	300077	国民技术	SZ
923	2010-09-06	58.21	58.8	55.44	55.96	5603200	21.72	300077	国民技术	SZ
924	2010-09-03	56.4	59.19	55.64	57.46	9601900	22.3	300077	国民技术	SZ
925	2010-09-02	51.94	56.32	51.92	55.79	7019100	21.65	300077	国民技术	SZ
926	2010-09-01	52.43	54	50.6	51.2	6825300	19.87	300077	国民技术	SZ
927	2010-08-31	51.08	52.88	51.08	52.24	5848900	20.27	300077	国民技术	SZ
928	2010-08-30	49.2	51.75	49.2	51.31	7046000	19.91	300077	国民技术	SZ
929	2010-08-27	47.1	49	46.7	48.88	3212200	18.97	300077	国民技术	SZ
930	2010-08-26	46.84	47.58	46.72	47.04	1894300	18.25	300077	国民技术	SZ
931	2010-08-25	48	48	46.6	46.66	3336000	18.11	300077	国民技术	SZ
932	2010-08-24	48.32	48.75	47.55	48.4	2379700	18.78	300077	国民技术	SZ
933	2010-08-23	48.99	48.99	48.11	48.29	3049600	18.74	300077	国民技术	SZ
934	2010-08-20	50.4	50.8	48.8	49.08	4211000	19.05	300077	国民技术	SZ
935	2010-08-19	50.52	51.75	50.12	50.84	6912800	19.73	300077	国民技术	SZ
936	2010-08-18	49.24	49.68	48.48	49.6	3682900	19.25	300077	国民技术	SZ
937	2010-08-17	48.84	49.73	48.75	49.16	3433300	19.08	300077	国民技术	SZ
938	2010-08-16	48.09	48.88	47.97	48.84	3562400	18.95	300077	国民技术	SZ
939	2010-08-13	46.88	48.06	46.8	47.84	3111200	18.56	300077	国民技术	SZ
940	2010-08-12	47.95	48	46.8	46.8	4616100	18.16	300077	国民技术	SZ
941	2010-08-11	48.13	48.86	47.8	48.42	2699300	18.79	300077	国民技术	SZ
942	2010-08-10	50.4	50.52	48.3	48.3	4812300	18.74	300077	国民技术	SZ
943	2010-08-09	49.6	50.52	49.43	50.36	4840300	19.54	300077	国民技术	SZ
944	2010-08-06	48.2	49.36	48.04	49.32	4150000	19.14	300077	国民技术	SZ
945	2010-08-05	47.78	49.38	47.52	48.12	3843200	18.67	300077	国民技术	SZ
946	2010-08-04	47.56	48	46.61	47.77	4289300	18.54	300077	国民技术	SZ
947	2010-08-03	49.56	49.56	47.92	47.92	5615900	18.59	300077	国民技术	SZ
948	2010-08-02	48.48	49.48	47.4	49.46	7756200	19.19	300077	国民技术	SZ
949	2010-07-30	49.86	49.86	48.29	48.44	6151500	18.8	300077	国民技术	SZ
950	2010-07-29	51.2	52	50.48	50.96	3847700	19.77	300077	国民技术	SZ
951	2010-07-28	50.4	52	49.6	51.31	4626000	19.91	300077	国民技术	SZ
952	2010-07-27	48.2	50.72	47.68	50.56	4599000	19.62	300077	国民技术	SZ
953	2010-07-26	48.75	48.78	47.58	48.44	2776000	18.8	300077	国民技术	SZ
954	2010-07-23	48	49.2	47.92	48.38	3194500	18.77	300077	国民技术	SZ
955	2010-07-22	47.52	48.39	47.29	48.11	2460000	18.67	300077	国民技术	SZ
956	2010-07-21	48.52	49.33	47.58	47.76	3787200	18.53	300077	国民技术	SZ
957	2010-07-20	47.2	48.66	46.48	48.13	3879700	18.68	300077	国民技术	SZ
958	2010-07-19	45.2	47.11	44.89	46.8	2747500	18.16	300077	国民技术	SZ
959	2010-07-16	46	46.8	43.68	46.28	4851500	17.96	300077	国民技术	SZ
960	2010-07-15	45	48.59	44.92	46.97	8430700	18.23	300077	国民技术	SZ
961	2010-07-14	44.4	45.31	43.57	44.18	2896500	17.14	300077	国民技术	SZ
962	2010-07-13	46.03	46.03	43	45	4427200	17.46	300077	国民技术	SZ
963	2010-07-12	46.46	47.35	46	46.29	3007200	17.96	300077	国民技术	SZ
964	2010-07-09	45.56	46.71	44.44	46.26	3237200	17.95	300077	国民技术	SZ
965	2010-07-08	45.88	46.49	44.36	45.67	3608700	17.72	300077	国民技术	SZ
966	2010-07-07	44.27	46.08	43.44	45.8	3333200	17.77	300077	国民技术	SZ
967	2010-07-06	42.96	44.8	42.67	44.37	3317700	17.22	300077	国民技术	SZ
968	2010-07-05	42.08	43.21	40.8	43.2	2953200	16.76	300077	国民技术	SZ
969	2010-07-02	44.06	45.14	41.2	42.73	4660000	16.58	300077	国民技术	SZ
970	2010-07-01	46.1	46.64	44.2	44.31	3536700	17.2	300077	国民技术	SZ
971	2010-06-30	46.18	46.97	44.64	46.7	4210000	18.12	300077	国民技术	SZ
972	2010-06-29	52.4	53.15	46.37	46.98	6809500	18.23	300077	国民技术	SZ
973	2010-06-28	52.2	53.8	51.48	51.52	3401000	19.99	300077	国民技术	SZ
974	2010-06-25	56.68	56.75	53.15	53.76	4624200	20.86	300077	国民技术	SZ
975	2010-06-24	57.32	57.99	56.8	57.2	2245500	22.2	300077	国民技术	SZ
976	2010-06-23	55.92	58.2	55.73	57.08	2389500	22.15	300077	国民技术	SZ
977	2010-06-22	58.4	58.4	56.58	56.6	2728000	21.96	300077	国民技术	SZ
978	2010-06-21	54.24	59.11	54.24	58.36	3224000	22.65	300077	国民技术	SZ
979	2010-06-18	56.23	56.71	54.43	54.64	3295500	21.2	300077	国民技术	SZ
980	2010-06-17	58.52	60.18	56.85	57	3883500	22.12	300077	国民技术	SZ
981	2010-06-11	58.18	59.44	57.61	58.31	4568200	22.63	300077	国民技术	SZ
982	2010-06-10	55.26	58.79	54.66	58.2	7138000	22.58	300077	国民技术	SZ
983	2010-06-08	54	54.6	52.84	53.48	6237200	20.75	300077	国民技术	SZ
984	2010-06-07	54	57	53.12	54.8	6539000	21.26	300077	国民技术	SZ
985	2010-06-04	52.8	56.28	52.76	55.55	8032500	21.56	300077	国民技术	SZ
986	2010-06-03	59.69	59.69	54.48	54.52	12960500	21.16	300077	国民技术	SZ
987	2010-06-02	60.12	61.6	57.46	60.53	6882200	23.49	300077	国民技术	SZ
988	2010-06-01	62.4	63.6	60	60.92	7385500	23.64	300077	国民技术	SZ
989	2010-05-31	68	69.68	64.84	64.88	5626500	25.18	300077	国民技术	SZ
990	2010-05-28	69.68	71.67	67.64	69.88	5729200	27.12	300077	国民技术	SZ
991	2010-05-27	64	70.75	62.82	69.92	6739500	27.13	300077	国民技术	SZ
992	2010-05-26	66.35	67.6	63.14	64.32	5687700	24.96	300077	国民技术	SZ
993	2010-05-25	65.1	68	64.43	65.95	5964000	25.59	300077	国民技术	SZ
994	2010-05-24	64.4	67.16	64	66.04	9257500	25.63	300077	国民技术	SZ
995	2010-05-21	55.2	63.32	54.82	63.32	5937200	24.57	300077	国民技术	SZ
996	2010-05-20	58.39	60.92	57.16	57.56	5104500	22.34	300077	国民技术	SZ
997	2010-05-19	54.84	61.57	54.49	59.59	6577200	23.13	300077	国民技术	SZ
998	2010-05-18	58	58.28	52.8	55.97	7109700	21.72	300077	国民技术	SZ
999	2010-05-17	57.6	61.26	57.25	58	6213200	22.51	300077	国民技术	SZ
1000	2010-05-14	61.2	61.3	57.41	59.35	8745700	23.03	300077	国民技术	SZ
1001	2010-05-13	62.8	63.92	59.56	62.36	6595500	24.2	300077	国民技术	SZ
1002	2010-05-12	60	63.6	58.66	62.86	6573700	24.39	300077	国民技术	SZ
1003	2010-05-11	65.11	65.12	59.6	61.57	9335700	23.89	300077	国民技术	SZ
1004	2010-05-10	65.44	66.4	60.8	64.06	9965500	24.86	300077	国民技术	SZ
1005	2010-05-07	70.2	73.4	64.88	65.4	14997000	25.38	300077	国民技术	SZ
1006	2010-05-06	68.04	73.51	67	70.8	11574000	27.47	300077	国民技术	SZ
1007	2010-05-05	66	69.4	65.64	67.6	13111500	26.23	300077	国民技术	SZ
1008	2010-05-04	57.33	67.43	57.33	64.97	17470000	25.21	300077	国民技术	SZ
1009	2010-04-30	64.4	66.35	62.22	62.92	44613200	24.42	300077	国民技术	SZ
